10 81
0 0 0 0 0 0 0 0 0 0 0 1.2564 0 0 0 0 0 0 0 1.2564 0 0 0 0 0 0 0 0 0 0 0 0 0 2.64334 1.2462 0 0 0 0 0 0 0 3.2806 0 0 0 0 0 0 0 0 4.16626 0 0 0 0 0 2.64334 3.2806 4.16626 0 0 0 0 0 0 1.2462 0 0 0 0 0 0 0 0 0 0 0 0 0 0 
0 0 0 0 0 0 0 0 4.3194 0 0 4.19084 0 0 0 0 0 0 0 4.19084 0 1.99045 0 0 2.35824 3.22958 0 0 0 1.99045 0 2.5153 0.680152 3.51111 4.19398 0 0 0 0 2.5153 0 0 0 0 0 0 0 0 0.680152 0 0 0 0 0 0 0 2.35824 3.51111 0 0 0 0 0 0 0 3.22958 4.19398 0 0 0 0 0 4.3194 0 0 0 0 0 0 0 0 
0 0 0 0 0 0 0 0 0.767177 0 0 0 0 0 0 0 0 0 0 0 0 3.90268 4.21524 3.99398 3.70157 2.98736 0 0 0 3.90268 0 3.60086 4.33793 0 0 0 0 0 4.21524 3.60086 0 0 0 0 0 0 0 3.99398 4.33793 0 0 0 0 0 0 0 3.70157 0 0 0 0 3.17589 0 0 0 2.98736 0 0 0 3.17589 0 0 0.767177 0 0 0 0 0 0 0 0 
0 1.84349 0 0 0 0 0 0 0 1.84349 0 0 0.162506 0 0 1.07304 4.47262 0 0 0 0 0 1.17524 1.79176 0 0 0 0 0.162506 0 0 0 0 0 0 0 0 0 1.17524 0 0 0 0 3.13324 0 0 0 1.79176 0 0 0 0 1.83811 0 0 1.07304 0 0 0 0 0 3.04478 0 0 4.47262 0 0 3.13324 1.83811 3.04478 0 0 0 0 0 0 0 0 0 0 0 
0 3.97127 0 0 0 0 0 0 0 3.97127 0 0 4.42473 4.25826 4.219 4.24415 0 0 0 0 0 0 0 0 0 0 0 0 4.42473 0 0 0 0 0 0 0 0 4.25826 0 0 0 0 0 3.0888 0 0 4.219 0 0 0 0 0 3.97366 0 0 4.24415 0 0 0 0 0 0 0 0 0 0 0 3.0888 3.97366 0 0 0 0 0 0 0 0 0 0 0 0 
0 0 3.83222 0 0 0 0 0 0 0 0 0 0 1.02048 1.16233 0 0 4.47767 3.83222 0 0 0 0 0 0 0 0.332615 0 0 0 0 0 0 0 0 0 0 1.02048 0 0 0 0 0 0 0 0 1.16233 0 0 0 0 0 0 0 0 0 0 0 0 0 0 0 0 0 0 0 0 0 0 0 0 0 0 4.47767 0.332615 0 0 0 0 0 0 
0 0 2.12888 0 0 0 0 0 0 0 0 0 0 0 0 0 0 0 2.12888 0 0 0 0 0 0 0 4.40039 0 0 0 0 0 0 0 0 0 0 0 0 0 0 0 0 0 2.95179 0 0 0 0 0 0 0 0 3.84944 0 0 0 0 0 0 0 0 0 0 0 0 0 0 0 0 0 0 0 0 4.40039 0 2.95179 3.84944 0 0 0 
0 0 0 0 4.22422 4.45007 3.66924 0 0 0 0 0 0 0 0 0 0 0 0 0 0 0 0 0 0 0 0 0 0 0 0 0 0 0 0 0 4.22422 0 0 0 0 0 0 0 3.26179 4.45007 0 0 0 0 0 0 0 2.09611 3.66924 0 0 0 0 0 0 0 4.49979 0 0 0 0 0 0 0 0 0 0 0 0 0 3.26179 2.09611 4.49979 0 0 
0 0 0 3.66149 1.14422 0 2.41035 4.3648 0 0 0 0 0 0 0 0 0 0 0 0 0 0 0 0 0 0 0 3.66149 0 0 0 0 0 0 0 3.25706 1.14422 0 0 0 0 0 0 0 0 0 0 0 0 0 0 0 0 0 2.41035 0 0 0 0 0 0 0 0 4.3648 0 0 0 0 0 0 0 0.55195 0 0 0 3.25706 0 0 0 0.55195 0 
0 0 0 2.4226 0 0 0 0.542578 0 0 0 0 0 0 0 0 0 0 0 0 0 0 0 0 0 0 0 2.4226 0 0 0 0 0 0 0 2.95706 0 0 0 0 0 0 0 0 0 0 0 0 0 0 0 0 0 0 0 0 0 0 0 0 0 0 0 0.542578 0 0 0 0 0 0 0 4.36306 0 0 0 2.95706 0 0 0 4.36306 0 

